614 3577 0
3577 6540 1
6540 9503 0
9503 12281 1
12652 13206 0
25058 30244 0
30984 33947 1
33947 36910 0
36910 42095 1
42836 45799 0
45799 48762 1
48762 51725 0
51725 54688 1
54688 57651 0
57651 60614 1
60614 63577 0
63577 65799 1
65984 69318 0
69318 72466 1
72466 74873 0
74873 78392 1
78392 81355 0
81355 84318 1
84318 86725 0
86725 90244 1
90244 93206 0
93206 96169 1
96169 99132 0
110984 116169 0
116910 119873 1
119873 122836 0
122836 128021 1
128762 131725 0
131725 134688 1
134688 137651 0
137651 140614 1
140614 143577 0
143577 146540 1
146540 149503 0
149503 151725 1
151910 155244 0
155244 158392 1
158392 160799 0
160799 164318 1
164318 167281 0
167281 170244 1
170244 172651 0
172651 176169 1
176169 179132 0
179132 182095 1
182095 185058 0
196910 199873 0
199873 202836 1
202836 205799 0
205799 208762 1
232466 235429 0
235429 238392 1
238392 241355 0
241355 244132 1
244132 244688 0
244688 245244 1
245244 245799 0
246725 250058 0
250058 253206 1
253206 255614 0
255614 259688 1
259688 261910 0
261910 265058 1
265058 267466 0
267466 270984 1
270984 273947 0
273947 276910 1
276910 279318 0
279318 282836 1
282836 285799 0
285799 288762 1
288762 292651 0
