343 5070
6161 10888
11979 16707
17797 20343
20707 22525
23979 27616
32707 37979
38525 43797
44343 46888
47252 49434
50161 54525
55070 55616
55979 61252
61616 66343
67616 72888
73252 76525
76888 79252
90888 93434
93797 96161
96707 99252
99616 102161
102525 105070
105434 107797
108161 109797
110161 112707
113252 113797
114161 119434
119797 124525
125797 131070
131434 134525
144706 148888
149797 153979
154888 159252
159979 164343
165434 167797
184343 186888
187252 189615
189979 192524
193252 194525
195979 201252
201615 206343
207615 212888
213252 215797
216161 218706
219070 222161
222706 225797
229070 231615
231979 233797
0 0
